1 0.10234375 0.48125 0.1921875 0.2859375
1 0.31015625 0.475 0.2328125 0.3359375
1 0.17421875 0.75234375 0.2390625 0.33125
1 0.03515625 0.75234375 0.0703125 0.278125
1 0.46875 0.7734375 0.3359375 0.36875
1 0.58203125 0.36875 0.1484375 0.2046875
1 0.65859375 0.19140625 0.115625 0.15625
1 0.78984375 0.2421875 0.1375 0.1890625
1 0.8 0.16015625 0.1625 0.21875
1 0.71796875 0.34140625 0.1203125 0.140625
1 0.83515625 0.40234375 0.1296875 0.18125
1 0.7125 0.44140625 0.121875 0.1234375
1 0.6828125 0.571875 0.1609375 0.2453125
1 0.8453125 0.59296875 0.15625 0.25
1 0.92265625 0.37421875 0.125 0.171875