1 0.62265625 0.89609375 0.2078125 0.2078125
1 0.1859375 0.828125 0.1859375 0.2671875
1 0.05390625 0.68515625 0.1078125 0.2171875
1 0.05703125 0.4984375 0.1140625 0.20625
1 0.10078125 0.2765625 0.16875 0.225
1 0.2625 0.2578125 0.1453125 0.1546875
1 0.26875 0.4390625 0.16875 0.196875
1 0.475 0.2625 0.1875 0.2671875
1 0.525 0.453125 0.1734375 0.1625
1 0.63515625 0.54765625 0.190625 0.20625
1 0.48515625 0.61328125 0.175 0.21875
1 0.37421875 0.74921875 0.159375 0.2015625
1 0.4640625 0.90390625 0.175 0.1921875
1 0.82265625 0.88203125 0.2640625 0.2359375
1 0.74140625 0.715625 0.15625 0.215625
1 0.85546875 0.64453125 0.203125 0.2375