3 0.115625 0.32578125 0.23125 0.2609375
3 0.2125 0.1796875 0.3109375 0.234375
3 0.35234375 0.353125 0.35625 0.3015625
3 0.47578125 0.45078125 0.2828125 0.25
3 0.19765625 0.4890625 0.3234375 0.2578125
3 0.8015625 0.23125 0.21875 0.178125
3 0.903125 0.36796875 0.1765625 0.1546875
3 0.89765625 0.7328125 0.2046875 0.1515625
3 0.9265625 0.8703125 0.146875 0.1046875
3 0.4 0.9734375 0.184375 0.053125
3 0.61015625 0.94296875 0.2046875 0.1140625
3 0.6328125 0.86484375 0.1828125 0.121875
3 0.615625 0.7703125 0.1578125 0.1234375