4 0.18515625 0.2125 0.3703125 0.3875
4 0.47265625 0.0640625 0.3328125 0.128125
4 0.125 0.41796875 0.16875 0.134375
4 0.090625 0.56171875 0.18125 0.1734375
4 0.24921875 0.48203125 0.2796875 0.203125
4 0.215625 0.678125 0.1640625 0.15625
4 0.59140625 0.4125 0.2734375 0.1890625
4 0.5625 0.28671875 0.2453125 0.1328125
4 0.51015625 0.5421875 0.296875 0.2703125
4 0.38984375 0.68984375 0.253125 0.2203125
4 0.2796875 0.803125 0.2390625 0.175
4 0.61875 0.7421875 0.2765625 0.1828125
4 0.778125 0.54765625 0.3140625 0.19375