1 0.6515625 0.89375 0.19375 0.2125
1 0.209375 0.84921875 0.1703125 0.259375
1 0.05859375 0.71796875 0.1171875 0.2109375
1 0.0546875 0.53046875 0.109375 0.2015625
1 0.0859375 0.3046875 0.15625 0.2171875
1 0.24609375 0.27421875 0.1375 0.146875
1 0.26484375 0.45546875 0.1578125 0.1890625
1 0.45859375 0.26484375 0.171875 0.259375
1 0.521875 0.4515625 0.165625 0.153125
1 0.63828125 0.53828125 0.1796875 0.196875
1 0.49296875 0.6140625 0.1625 0.2109375
1 0.3921875 0.75703125 0.1484375 0.19375
1 0.49296875 0.90625 0.1640625 0.1875
1 0.85 0.8734375 0.246875 0.253125
1 0.75546875 0.6984375 0.14375 0.209375
1 0.86484375 0.61953125 0.190625 0.228125