3 0.10703125 0.46015625 0.1015625 0.159375
3 0.240625 0.53125 0.08125 0.1453125
3 0.1921875 0.64453125 0.1578125 0.25625
3 0.371875 0.87734375 0.178125 0.2453125
3 0.2453125 0.8703125 0.096875 0.1859375
3 0.478125 0.9484375 0.078125 0.103125
3 0.50546875 0.8484375 0.0828125 0.1453125
3 0.59765625 0.8140625 0.1359375 0.2359375
3 0.70078125 0.7984375 0.071875 0.0953125
3 0.709375 0.8984375 0.0859375 0.11875
3 0.7765625 0.77578125 0.08125 0.1390625
3 0.75234375 0.65546875 0.0609375 0.15
3 0.675 0.65859375 0.1140625 0.2265625
3 0.59375 0.634375 0.0875 0.15625
3 0.53671875 0.68203125 0.0890625 0.2328125
3 0.4765625 0.66328125 0.06875 0.1265625
3 0.41875 0.684375 0.071875 0.15
3 0.35 0.71328125 0.0640625 0.1125
3 0.29453125 0.6890625 0.0515625 0.103125
3 0.34140625 0.55078125 0.1234375 0.20625
3 0.44296875 0.4671875 0.1359375 0.234375
3 0.584375 0.46640625 0.140625 0.2890625
3 0.33984375 0.353125 0.0953125 0.159375
3 0.25 0.378125 0.1015625 0.165625
3 0.14609375 0.3203125 0.1015625 0.2
3 0.1984375 0.18984375 0.109375 0.1921875
3 0.2875 0.08828125 0.140625 0.1515625
3 0.296875 0.2484375 0.0984375 0.1578125
3 0.4 0.209375 0.1171875 0.121875
3 0.41796875 0.08046875 0.1421875 0.1609375
3 0.53359375 0.10703125 0.0671875 0.1171875
3 0.46640625 0.06640625 0.0609375 0.128125
3 0.61484375 0.2265625 0.0625 0.10625
3 0.68125 0.26796875 0.0625 0.13125
3 0.63046875 0.340625 0.0671875 0.125
3 0.60859375 0.396875 0.071875 0.1078125
3 0.75078125 0.20625 0.1109375 0.2203125
3 0.77109375 0.39609375 0.071875 0.1390625
3 0.71328125 0.3875 0.0796875 0.1296875
3 0.72734375 0.49921875 0.0859375 0.159375
3 0.67265625 0.4453125 0.053125 0.1484375
3 0.5625 0.234375 0.040625 0.0921875
3 0.621875 0.0328125 0.125 0.065625