3 0.046875 0.10703125 0.0703125 0.0875
3 0.06171875 0.03359375 0.059375 0.059375
3 0.0125 0.0328125 0.025 0.065625
3 0.39296875 0.12109375 0.08125 0.115625
3 0.45859375 0.02265625 0.071875 0.0453125
3 0.48828125 0.1015625 0.071875 0.10625
3 0.5140625 0.2125 0.08125 0.115625
3 0.43046875 0.22109375 0.08125 0.1265625
3 0.45859375 0.30234375 0.071875 0.0984375
3 0.48828125 0.4984375 0.0625 0.0984375
3 0.57109375 0.50234375 0.05625 0.090625
3 0.4921875 0.57734375 0.05625 0.08125
3 0.49921875 0.65625 0.078125 0.084375
3 0.49765625 0.75703125 0.078125 0.1015625
3 0.5640625 0.6984375 0.0609375 0.0984375
3 0.56640625 0.6125 0.046875 0.1015625