4 0.14609375 0.03828125 0.1390625 0.0765625
4 0.2609375 0.17890625 0.278125 0.3578125
4 0.084375 0.21484375 0.1359375 0.3359375
4 0.05234375 0.68359375 0.1046875 0.4296875
4 0.146875 0.4625 0.29375 0.38125
4 0.175 0.7875 0.2953125 0.3515625
4 0.446875 0.43359375 0.3203125 0.390625
4 0.29921875 0.6015625 0.1765625 0.24375
4 0.428125 0.8 0.3125 0.4
4 0.66875 0.68046875 0.3265625 0.4203125
4 0.64296875 0.91953125 0.2953125 0.1609375
4 0.32890625 0.0390625 0.2609375 0.078125
4 0.5046875 0.14609375 0.284375 0.2921875
4 0.634375 0.07109375 0.11875 0.1234375
4 0.79453125 0.1515625 0.2703125 0.2328125
4 0.6375 0.21875 0.13125 0.23125
4 0.7140625 0.38515625 0.3109375 0.353125
4 0.90234375 0.44921875 0.1953125 0.3546875
4 0.83359375 0.83828125 0.2671875 0.3234375
4 0.84453125 0.61015625 0.2171875 0.2765625
4 0.59140625 0.84609375 0.1546875 0.1578125
4 0.940625 0.2 0.11875 0.253125
4 0.54921875 0.55703125 0.1046875 0.2078125
4 0.03046875 0.4296875 0.0609375 0.16875