4 0.2328125 0.1625 0.425 0.325
4 0.58125 0.06484375 0.33125 0.1296875
4 0.15546875 0.3296875 0.165625 0.128125
4 0.0875 0.4609375 0.175 0.16875
4 0.2609375 0.421875 0.275 0.1953125
4 0.18125 0.60390625 0.159375 0.1515625
4 0.609375 0.43671875 0.26875 0.1796875
4 0.61171875 0.30859375 0.2421875 0.125
4 0.49921875 0.54296875 0.2890625 0.2609375
4 0.34765625 0.6578125 0.246875 0.2140625
4 0.21328125 0.740625 0.234375 0.16875
4 0.55625 0.76328125 0.2734375 0.175
4 0.75859375 0.61328125 0.3109375 0.184375