3 0.2359375 0.53671875 0.3140625 0.2421875
3 0.1703125 0.7265625 0.2359375 0.2296875
3 0.02890625 0.77578125 0.0578125 0.2328125
3 0.0765625 0.41875 0.153125 0.290625
3 0.14921875 0.2640625 0.25 0.2421875
3 0.1921875 0.0859375 0.221875 0.171875
3 0.38359375 0.0578125 0.2234375 0.115625
3 0.39921875 0.16796875 0.2515625 0.2171875
3 0.6296875 0.16171875 0.259375 0.2109375
3 0.575 0.046875 0.2125 0.09375
3 0.775 0.10625 0.1890625 0.1453125
3 0.93359375 0.1734375 0.1328125 0.1875
3 0.91171875 0.346875 0.1765625 0.2
3 0.8421875 0.753125 0.259375 0.253125
3 0.34453125 0.7375 0.175 0.16875
3 0.45703125 0.7875 0.190625 0.1890625
3 0.57734375 0.8859375 0.178125 0.1875