4 0.071875 0.06484375 0.11875 0.1296875
4 0.2125 0.215625 0.2296875 0.340625
4 0.04453125 0.2828125 0.0859375 0.3296875
4 0.05390625 0.7578125 0.1078125 0.41875
4 0.1453125 0.51796875 0.2453125 0.35
4 0.22421875 0.83515625 0.2515625 0.31875
4 0.43671875 0.44296875 0.2703125 0.35625
4 0.31796875 0.63203125 0.1453125 0.225
4 0.4765625 0.81171875 0.259375 0.3765625
4 0.69453125 0.65234375 0.271875 0.3859375
4 0.71015625 0.915625 0.2734375 0.16875
4 0.2546875 0.04609375 0.25 0.0921875
4 0.44609375 0.140625 0.2453125 0.28125
4 0.565625 0.05546875 0.103125 0.109375
4 0.73671875 0.109375 0.24375 0.2
4 0.59140625 0.20078125 0.0984375 0.2203125
4 0.69375 0.353125 0.2671875 0.31875
4 0.9078125 0.38359375 0.184375 0.3328125
4 0.8890625 0.81640625 0.2125 0.3671875
4 0.8578125 0.5546875 0.18125 0.253125
4 0.64375 0.828125 0.1359375 0.140625
4 0.921875 0.12734375 0.15625 0.2328125
4 0.5578125 0.54921875 0.075 0.2
4 0.021875 0.5046875 0.04375 0.165625