3 0.29296875 0.7828125 0.46875 0.3890625
3 0.1234375 0.6015625 0.246875 0.3
3 0.10078125 0.3265625 0.2015625 0.3125
3 0.49609375 0.31015625 0.3625 0.3109375
3 0.34453125 0.15390625 0.4140625 0.3078125
3 0.0875 0.15078125 0.175 0.1671875
3 0.39765625 0.9359375 0.3828125 0.128125
3 0.66875 0.7265625 0.453125 0.3625
3 0.8296875 0.903125 0.340625 0.1390625
3 0.8765625 0.5765625 0.246875 0.275
3 0.9515625 0.8140625 0.096875 0.19375
3 0.89609375 0.2390625 0.1640625 0.265625
3 0.73671875 0.1359375 0.3484375 0.271875