3 0.12109375 0.28984375 0.2421875 0.2421875
3 0.24140625 0.15546875 0.3015625 0.2125
3 0.365625 0.340625 0.340625 0.2796875
3 0.4796875 0.4484375 0.2703125 0.2328125
3 0.2 0.46328125 0.3125 0.2375
3 0.82421875 0.25859375 0.2109375 0.1640625
3 0.91328125 0.40390625 0.1703125 0.14375
3 0.87578125 0.76640625 0.1984375 0.1390625
3 0.8921875 0.90625 0.1421875 0.0953125
3 0.97578125 0.85390625 0.0484375 0.1203125
3 0.35625 0.97109375 0.18125 0.0578125
3 0.56953125 0.95078125 0.2015625 0.0984375
3 0.60078125 0.875 0.1796875 0.109375
3 0.59140625 0.7796875 0.153125 0.1125