3 0.1375 0.03515625 0.0875 0.0703125
3 0.47421875 0.10703125 0.103125 0.1296875
3 0.5578125 0.0265625 0.08125 0.053125
3 0.57109375 0.1078125 0.09375 0.11875
3 0.5734375 0.221875 0.103125 0.1296875
3 0.48984375 0.2125 0.10625 0.140625
3 0.50078125 0.2984375 0.0921875 0.1109375
3 0.4890625 0.49609375 0.0828125 0.109375
3 0.56875 0.5171875 0.0734375 0.1015625
3 0.4765625 0.57421875 0.071875 0.090625
3 0.46640625 0.65234375 0.0953125 0.0984375
3 0.44453125 0.75078125 0.096875 0.115625
3 0.52109375 0.70703125 0.0796875 0.109375
3 0.54140625 0.62421875 0.0671875 0.109375