3 0.253125 0.14921875 0.165625 0.1625
3 0.4640625 0.1703125 0.2359375 0.1734375
3 0.7796875 0.29765625 0.228125 0.1734375
3 0.20625 0.33203125 0.2 0.1515625
3 0.140625 0.53125 0.1921875 0.16875
3 0.32421875 0.6328125 0.2015625 0.1828125
3 0.0640625 0.71796875 0.128125 0.1453125
3 0.31953125 0.8671875 0.190625 0.1375
3 0.0796875 0.92578125 0.159375 0.1109375
3 0.03515625 0.8359375 0.0703125 0.078125
3 0.49296875 0.96015625 0.1765625 0.0796875
3 0.65859375 0.96875 0.1328125 0.0625
3 0.790625 0.90859375 0.2046875 0.171875
3 0.571875 0.5921875 0.1953125 0.15
3 0.80703125 0.67734375 0.2046875 0.175
3 0.8734375 0.51796875 0.1875 0.1625
3 0.6578125 0.41796875 0.1765625 0.1578125
3 0.571875 0.76640625 0.175 0.1265625
3 0.03046875 0.43359375 0.059375 0.1171875
3 0.41015625 0.29765625 0.203125 0.1640625