3 0.18828125 0.83984375 0.1328125 0.121875
3 0.44453125 0.92578125 0.1390625 0.1484375
3 0.60625 0.8765625 0.153125 0.16875
3 0.61484375 0.7140625 0.1125 0.11875
3 0.7671875 0.68671875 0.13125 0.1796875
3 0.8875 0.70234375 0.1359375 0.165625
3 0.884375 0.5234375 0.1015625 0.11875
3 0.68515625 0.54140625 0.1390625 0.146875
3 0.69921875 0.37734375 0.171875 0.18125
3 0.41171875 0.75703125 0.1265625 0.11875
3 0.41640625 0.6140625 0.1421875 0.1390625
3 0.4171875 0.45859375 0.115625 0.121875
3 0.3953125 0.3015625 0.1265625 0.1125
3 0.2625 0.4 0.146875 0.128125
3 0.2671875 0.57578125 0.1671875 0.1421875
3 0.2453125 0.7171875 0.1359375 0.1046875
3 0.1046875 0.5859375 0.1359375 0.115625
3 0.09609375 0.440625 0.1359375 0.1296875
3 0.09296875 0.2859375 0.1078125 0.1109375
3 0.12578125 0.153125 0.1265625 0.1078125
3 0.28515625 0.2625 0.1359375 0.1359375