1 0.13671875 0.3125 0.271875 0.3953125
1 0.4328125 0.5484375 0.346875 0.4640625
1 0.32734375 0.8359375 0.2203125 0.28125
1 0.8578125 0.80703125 0.2109375 0.234375
1 0.83125 0.53671875 0.2390625 0.325
1 0.74609375 0.14140625 0.2171875 0.2828125
1 0.58125 0.21015625 0.19375 0.303125
1 0.15625 0.64765625 0.26875 0.346875
1 0.3140625 0.1828125 0.24375 0.2828125
1 0.49375 0.06328125 0.18125 0.1265625
1 0.9640625 0.4828125 0.071875 0.228125
1 0.98125 0.7515625 0.0375 0.284375
1 0.60390625 0.81015625 0.1921875 0.2578125
1 0.6640625 0.57421875 0.1890625 0.24375