2 0.0125 0.3515625 0.025 0.15
2 0.05703125 0.48125 0.1140625 0.228125
2 0.16484375 0.5125 0.1515625 0.34375
2 0.25234375 0.49296875 0.115625 0.4046875
2 0.32265625 0.46796875 0.178125 0.4953125
2 0.4390625 0.41953125 0.1640625 0.478125
2 0.5546875 0.3953125 0.1921875 0.5453125
2 0.6578125 0.43671875 0.08125 0.309375
2 0.76171875 0.45078125 0.1703125 0.3984375
2 0.875 0.36640625 0.1515625 0.4171875
2 0.93671875 0.33828125 0.1265625 0.4953125
2 0.05 0.7765625 0.05625 0.15
2 0.0796875 0.871875 0.10625 0.25625
2 0.165625 0.84453125 0.146875 0.3109375
2 0.28828125 0.80859375 0.1859375 0.3828125
2 0.39609375 0.74765625 0.1234375 0.2578125
2 0.42578125 0.8609375 0.1546875 0.278125
2 0.559375 0.83046875 0.16875 0.3390625
2 0.665625 0.73359375 0.1390625 0.3296875
2 0.7234375 0.859375 0.1828125 0.25
2 0.8765625 0.79453125 0.18125 0.3390625
2 0.96796875 0.75234375 0.0640625 0.3828125
2 0.01171875 0.178125 0.0234375 0.240625
2 0.078125 0.1546875 0.1296875 0.2234375
2 0.2015625 0.1375 0.1328125 0.21875
2 0.30859375 0.1359375 0.134375 0.2421875
2 0.4390625 0.1015625 0.146875 0.203125
2 0.59921875 0.0984375 0.1609375 0.196875
2 0.728125 0.09609375 0.11875 0.1921875
2 0.85 0.08046875 0.134375 0.1609375
2 0.9265625 0.075 0.065625 0.15