4 0.065625 0.18203125 0.13125 0.2421875
4 0.03671875 0.31484375 0.0734375 0.2203125
4 0.0453125 0.41015625 0.090625 0.0890625
4 0.09609375 0.51875 0.1921875 0.221875
4 0.0453125 0.67421875 0.075 0.178125
4 0.12578125 0.8609375 0.2015625 0.278125
4 0.23203125 0.91328125 0.2796875 0.1734375
4 0.12109375 0.353125 0.125 0.196875
4 0.221875 0.253125 0.209375 0.2546875
4 0.1265625 0.671875 0.1453125 0.1765625
4 0.29375 0.67734375 0.2703125 0.3765625
4 0.44765625 0.8609375 0.2265625 0.228125
4 0.4859375 0.96640625 0.215625 0.0671875
4 0.65703125 0.8921875 0.2375 0.2078125
4 0.22109375 0.109375 0.1921875 0.14375
4 0.35703125 0.16484375 0.1421875 0.290625
4 0.46953125 0.125 0.2421875 0.25
4 0.3171875 0.47109375 0.3125 0.38125
4 0.4984375 0.3265625 0.2140625 0.2390625
4 0.57734375 0.61171875 0.2921875 0.4265625
4 0.64609375 0.10390625 0.1765625 0.2078125
4 0.76640625 0.2953125 0.2421875 0.303125
4 0.75703125 0.08203125 0.2015625 0.1640625
4 0.8953125 0.03828125 0.109375 0.0765625
4 0.89453125 0.14296875 0.1484375 0.1734375
4 0.89609375 0.35078125 0.0875 0.265625
4 0.940625 0.31796875 0.11875 0.3453125
4 0.78203125 0.56875 0.2171875 0.3
4 0.865625 0.7703125 0.26875 0.396875
4 0.93359375 0.5 0.1328125 0.15