4 0.09609375 0.95390625 0.0859375 0.0921875
4 0.1734375 0.921875 0.11875 0.15625
4 0.265625 0.92734375 0.103125 0.1453125
4 0.34140625 0.903125 0.0921875 0.19375
4 0.428125 0.915625 0.10625 0.16875
4 0.52109375 0.88671875 0.096875 0.2234375
4 0.60390625 0.89765625 0.090625 0.146875
4 0.67265625 0.8703125 0.0859375 0.1625
4 0.753125 0.89375 0.065625 0.10625
4 0.73515625 0.82265625 0.0578125 0.0703125
4 0.81796875 0.8171875 0.0953125 0.2453125
4 0.8984375 0.81796875 0.0796875 0.1515625
4 0.96875 0.81796875 0.0625 0.1609375
4 0.1859375 0.85546875 0.10625 0.11875
4 0.09453125 0.7390625 0.134375 0.146875
4 0.040625 0.65234375 0.0578125 0.0984375
4 0.13125 0.6421875 0.1203125 0.1140625
4 0.221875 0.7375 0.128125 0.1328125
4 0.33359375 0.696875 0.125 0.1671875
4 0.4359375 0.68984375 0.1015625 0.1453125
4 0.53828125 0.671875 0.1328125 0.175
4 0.65390625 0.659375 0.1296875 0.15625
4 0.75625 0.621875 0.1203125 0.1421875
4 0.8609375 0.61171875 0.115625 0.1375
4 0.953125 0.59609375 0.09375 0.1765625
4 0.23359375 0.60078125 0.1234375 0.1609375
4 0.36484375 0.603125 0.1390625 0.0984375
4 0.46875 0.57109375 0.0828125 0.1171875
4 0.54609375 0.571875 0.0828125 0.1140625
4 0.64765625 0.5390625 0.146875 0.1078125
4 0.74765625 0.5234375 0.0703125 0.09375
4 0.8328125 0.49453125 0.1078125 0.1328125
4 0.93515625 0.4765625 0.1296875 0.121875
4 0.06171875 0.54609375 0.1234375 0.1328125
4 0.17421875 0.5265625 0.125 0.1078125
4 0.26328125 0.5203125 0.0640625 0.08125
4 0.35703125 0.503125 0.1296875 0.1125
4 0.47109375 0.4671875 0.1109375 0.109375
4 0.571875 0.4578125 0.121875 0.1140625
4 0.6546875 0.44140625 0.06875 0.090625
4 0.7421875 0.453125 0.10625 0.0984375
4 0.8546875 0.41484375 0.1109375 0.1
4 0.94453125 0.37578125 0.0984375 0.1171875
4 0.01328125 0.45546875 0.0265625 0.0890625
4 0.08984375 0.4625 0.1125 0.121875
4 0.1796875 0.44453125 0.0765625 0.1015625
4 0.25546875 0.4375 0.0796875 0.0828125
4 0.3453125 0.409375 0.103125 0.1203125
4 0.446875 0.396875 0.11875 0.0890625
4 0.528125 0.40078125 0.04375 0.08125
4 0.5859375 0.37734375 0.08125 0.1078125
4 0.66015625 0.3640625 0.078125 0.0890625
4 0.7375 0.3546875 0.09375 0.13125
4 0.8078125 0.33671875 0.075 0.125
4 0.89296875 0.3296875 0.0984375 0.0953125
4 0.96015625 0.3015625 0.0421875 0.078125
4 0.05390625 0.3796875 0.053125 0.0765625
4 0.01328125 0.37421875 0.0265625 0.1078125
4 0.12421875 0.37109375 0.109375 0.1
4 0.22109375 0.3703125 0.09375 0.103125
4 0.3265625 0.3234375 0.140625 0.1296875
4 0.41171875 0.3421875 0.059375 0.0828125
4 0.46953125 0.31953125 0.059375 0.0734375
4 0.5359375 0.296875 0.0921875 0.090625
4 0.61015625 0.28671875 0.084375 0.134375
4 0.70390625 0.2765625 0.1203125 0.1015625
4 0.77890625 0.259375 0.0671875 0.1
4 0.8328125 0.26484375 0.0484375 0.078125
4 0.8859375 0.24296875 0.078125 0.1234375
4 0.928125 0.171875 0.0765625 0.1296875
4 0.02109375 0.29375 0.0421875 0.115625
4 0.10234375 0.28984375 0.1171875 0.0953125
4 0.05 0.1796875 0.0953125 0.1109375
4 0.03828125 0.0953125 0.0640625 0.0765625
4 0.0984375 0.11796875 0.0734375 0.09375
4 0.11796875 0.2046875 0.0796875 0.0984375
4 0.18828125 0.296875 0.0625 0.0671875
4 0.14140625 0.1640625 0.0921875 0.103125
4 0.1609375 0.12890625 0.06875 0.0625
4 0.16484375 0.078125 0.0421875 0.05
4 0.1921875 0.20546875 0.0796875 0.1203125
4 0.23203125 0.2734375 0.08125 0.1171875
4 0.2875 0.25234375 0.075 0.0671875
4 0.21484375 0.1640625 0.05625 0.0609375
4 0.221875 0.1265625 0.08125 0.0703125
4 0.2296875 0.08515625 0.096875 0.0640625
4 0.28203125 0.09609375 0.0734375 0.075
4 0.2921875 0.1609375 0.0984375 0.1015625
4 0.3484375 0.1984375 0.1046875 0.084375
4 0.3046875 0.06484375 0.0515625 0.0578125
4 0.33828125 0.09921875 0.0640625 0.090625
4 0.35859375 0.059375 0.0484375 0.059375
4 0.390625 0.13203125 0.0859375 0.084375
4 0.4171875 0.0796875 0.084375 0.090625