3 0.10546875 0.50859375 0.11875 0.16875
3 0.24609375 0.5625 0.096875 0.1515625
3 0.21171875 0.68125 0.184375 0.26875
3 0.4203125 0.8796875 0.20625 0.240625
3 0.2921875 0.8984375 0.1171875 0.19375
3 0.53203125 0.94609375 0.0890625 0.1078125
3 0.54765625 0.84453125 0.0984375 0.1515625
3 0.63515625 0.8 0.1625 0.246875
3 0.7359375 0.771875 0.08125 0.1015625
3 0.75625 0.86953125 0.1 0.1265625
3 0.80859375 0.73984375 0.096875 0.146875
3 0.76953125 0.6234375 0.078125 0.153125
3 0.69296875 0.6359375 0.1390625 0.234375
3 0.609375 0.621875 0.1046875 0.1640625
3 0.55859375 0.6765625 0.115625 0.2375
3 0.496875 0.66484375 0.0828125 0.13125
3 0.4421875 0.69296875 0.0890625 0.1546875
3 0.3765625 0.73046875 0.0765625 0.1171875
3 0.31953125 0.7125 0.0625 0.1078125
3 0.34921875 0.5703125 0.1453125 0.2171875
3 0.4390625 0.47421875 0.1625 0.2453125
3 0.5796875 0.45625 0.171875 0.2984375
3 0.3234375 0.3734375 0.1125 0.1671875
3 0.2375 0.409375 0.1203125 0.1734375
3 0.1265625 0.36484375 0.1234375 0.20625
3 0.16328125 0.22890625 0.13125 0.2015625
3 0.23828125 0.1171875 0.1546875 0.165625
3 0.26796875 0.275 0.1140625 0.165625
3 0.36484375 0.2234375 0.1296875 0.1328125
3 0.36796875 0.09375 0.1578125 0.1734375
3 0.48515625 0.10546875 0.0796875 0.1234375
3 0.4140625 0.0734375 0.0765625 0.1328125
3 0.58046875 0.21484375 0.0734375 0.1125
3 0.6515625 0.24765625 0.0765625 0.1359375
3 0.61015625 0.32578125 0.08125 0.13125
3 0.5953125 0.384375 0.0828125 0.1140625
3 0.7125 0.17734375 0.1359375 0.2296875
3 0.75625 0.3640625 0.0875 0.1453125
3 0.69765625 0.36171875 0.09375 0.1359375
3 0.725 0.47109375 0.103125 0.165625
3 0.66484375 0.425 0.0703125 0.1515625
3 0.5296875 0.228125 0.0515625 0.0953125
3 0.5640625 0.03046875 0.13125 0.0609375