1 0.77578125 0.8359375 0.2171875 0.2546875
1 0.3390625 0.89375 0.196875 0.2125
1 0.1375 0.85625 0.1734375 0.221875
1 0.08203125 0.67578125 0.1453125 0.2109375
1 0.0671875 0.44921875 0.134375 0.2296875
1 0.18671875 0.36953125 0.15 0.159375
1 0.26328125 0.534375 0.1765625 0.2015625
1 0.384375 0.290625 0.1984375 0.271875
1 0.5046875 0.446875 0.178125 0.16875
1 0.64296875 0.49140625 0.196875 0.2125
1 0.53046875 0.61015625 0.184375 0.225
1 0.48203125 0.778125 0.1671875 0.20625
1 0.628125 0.890625 0.1828125 0.209375
1 0.91171875 0.7625 0.1765625 0.321875
1 0.80625 0.60390625 0.1640625 0.2203125
1 0.88359375 0.49375 0.2125 0.24375