4 0.690625 0.4609375 0.346875 0.4984375
4 0.5375 0.75703125 0.3 0.3765625
4 0.49296875 0.92578125 0.2953125 0.1484375
4 0.1921875 0.93828125 0.2625 0.1234375
4 0.2515625 0.82109375 0.296875 0.3578125
4 0.07578125 0.80234375 0.109375 0.303125
4 0.16015625 0.5578125 0.2859375 0.3421875
4 0.41953125 0.5109375 0.2890625 0.3
4 0.9125 0.4109375 0.175 0.290625
4 0.978125 0.759375 0.04375 0.33125
4 0.93984375 0.60234375 0.1203125 0.2796875
4 0.915625 0.178125 0.1046875 0.18125
4 0.690625 0.0984375 0.21875 0.196875
4 0.515625 0.16328125 0.2703125 0.3046875
4 0.28125 0.1046875 0.2359375 0.18125
4 0.065625 0.146875 0.13125 0.18125
4 0.06015625 0.3734375 0.1203125 0.209375