3 0.15859375 0.32265625 0.3171875 0.6265625
3 0.3125 0.5328125 0.1734375 0.3234375
3 0.14296875 0.66171875 0.1484375 0.259375
3 0.24921875 0.8265625 0.2078125 0.315625
3 0.09296875 0.90390625 0.1859375 0.1296875
3 0.00703125 0.84296875 0.0140625 0.2015625
3 0.04296875 0.68671875 0.0859375 0.1578125
3 0.03203125 0.81015625 0.0640625 0.1234375
3 0.49765625 0.48984375 0.3109375 0.578125
3 0.68203125 0.75 0.2578125 0.4203125
3 0.4578125 0.86875 0.26875 0.2625
3 0.68984375 0.9671875 0.2078125 0.065625
3 0.8796875 0.840625 0.203125 0.31875
3 0.68203125 0.3984375 0.1390625 0.25625
3 0.771875 0.478125 0.0796875 0.1453125
3 0.85546875 0.59140625 0.15625 0.259375
3 0.87890625 0.24609375 0.2421875 0.4359375
3 0.6703125 0.1328125 0.2890625 0.2609375
3 0.42421875 0.096875 0.2609375 0.19375
3 0.9515625 0.528125 0.096875 0.259375