4 0.14140625 0.14765625 0.2828125 0.2359375
4 0.2046875 0.596875 0.409375 0.80625
4 0.23125 0.85078125 0.403125 0.2984375
4 0.07421875 0.59375 0.1484375 0.353125
4 0.5625 0.50390625 0.571875 0.784375
4 0.83828125 0.4546875 0.3234375 0.71875
4 0.434375 0.79296875 0.1984375 0.3609375
4 0.4640625 0.91640625 0.13125 0.1671875
4 0.73203125 0.75546875 0.5359375 0.4890625
4 0.87265625 0.85234375 0.2546875 0.2265625
4 0.41640625 0.0765625 0.3234375 0.153125
4 0.703125 0.15078125 0.50625 0.3015625
4 0.8828125 0.07890625 0.14375 0.1578125
4 0.63046875 0.33828125 0.4484375 0.509375
4 0.325 0.275 0.20625 0.3078125
4 0.715625 0.753125 0.49375 0.49375