3 0.13671875 0.3609375 0.26875 0.603125
3 0.3171875 0.55234375 0.1421875 0.309375
3 0.16171875 0.6984375 0.1234375 0.246875
3 0.284375 0.85078125 0.178125 0.2984375
3 0.13125 0.94453125 0.1875 0.1109375
3 0.021875 0.89609375 0.04375 0.196875
3 0.059375 0.73515625 0.08125 0.15
3 0.0640625 0.85859375 0.059375 0.1171875
3 0.01015625 0.72890625 0.0203125 0.1328125
3 0.496875 0.48984375 0.253125 0.5546875
3 0.70703125 0.7296875 0.215625 0.4
3 0.496875 0.87578125 0.24375 0.2484375
3 0.7390625 0.9609375 0.2 0.078125
3 0.91640625 0.8234375 0.1671875 0.353125
3 0.6703125 0.3796875 0.1140625 0.2453125
3 0.76796875 0.45 0.065625 0.140625
3 0.86328125 0.55390625 0.13125 0.246875
3 0.875 0.20625 0.25 0.4125
3 0.63125 0.1171875 0.265625 0.234375
3 0.38203125 0.09609375 0.2421875 0.1921875
3 0.95859375 0.48125 0.0828125 0.253125