2 0.01171875 0.36875 0.0234375 0.15
2 0.05859375 0.49765625 0.1171875 0.2296875
2 0.165625 0.52421875 0.1625 0.346875
2 0.25234375 0.5015625 0.128125 0.4046875
2 0.321875 0.47421875 0.1953125 0.496875
2 0.4359375 0.421875 0.1796875 0.4796875
2 0.5515625 0.39375 0.209375 0.5484375
2 0.65546875 0.43125 0.0921875 0.309375
2 0.759375 0.44140625 0.1828125 0.4
2 0.8703125 0.35390625 0.165625 0.41875
2 0.92890625 0.32265625 0.1421875 0.4953125
2 0.06015625 0.7921875 0.0609375 0.15
2 0.09453125 0.87890625 0.1171875 0.2421875
2 0.17890625 0.84921875 0.1578125 0.3015625
2 0.3 0.8109375 0.2 0.378125
2 0.4046875 0.75078125 0.13125 0.259375
2 0.43828125 0.86171875 0.1640625 0.2765625
2 0.57109375 0.828125 0.1796875 0.34375
2 0.6734375 0.728125 0.15 0.33125
2 0.7359375 0.85078125 0.190625 0.2546875
2 0.8859375 0.78125 0.1921875 0.3421875
2 0.96953125 0.734375 0.0609375 0.384375
2 0.00859375 0.19609375 0.0171875 0.2421875
2 0.0671875 0.16953125 0.134375 0.2265625
2 0.1890625 0.1484375 0.1390625 0.221875
2 0.29609375 0.14296875 0.140625 0.2453125
2 0.425 0.103125 0.153125 0.20625
2 0.58359375 0.09765625 0.1671875 0.1953125
2 0.7125 0.0921875 0.125 0.184375
2 0.834375 0.07578125 0.140625 0.1515625
2 0.91015625 0.06796875 0.0734375 0.1359375