4 0.69375 0.478125 0.309375 0.4796875
4 0.51484375 0.75859375 0.2734375 0.3578125
4 0.4546875 0.93046875 0.2875 0.1390625
4 0.15234375 0.92890625 0.2515625 0.1421875
4 0.2234375 0.80625 0.26875 0.3546875
4 0.05078125 0.7640625 0.084375 0.3
4 0.15625 0.528125 0.2609375 0.325
4 0.41875 0.50390625 0.26875 0.28125
4 0.92109375 0.4484375 0.1578125 0.28125
4 0.97265625 0.803125 0.0546875 0.328125
4 0.93984375 0.6421875 0.1203125 0.271875
4 0.9421875 0.215625 0.090625 0.1765625
4 0.7265625 0.1046875 0.203125 0.209375
4 0.54453125 0.165625 0.25 0.2875
4 0.3171875 0.08671875 0.225 0.1640625
4 0.0796875 0.10703125 0.159375 0.1671875
4 0.0625 0.334375 0.125 0.2