4 0.0359375 0.128125 0.071875 0.15625
4 0.171875 0.2640625 0.2578125 0.35625
4 0.03671875 0.35625 0.0734375 0.334375
4 0.0921875 0.80625 0.159375 0.3875
4 0.15234375 0.5734375 0.2734375 0.36875
4 0.27890625 0.85234375 0.2765625 0.2953125
4 0.42890625 0.45390625 0.2984375 0.3765625
4 0.340625 0.65859375 0.1640625 0.2359375
4 0.52578125 0.80703125 0.2890625 0.3859375
4 0.71640625 0.61953125 0.303125 0.40625
4 0.77421875 0.88359375 0.2875 0.203125
4 0.1859375 0.08359375 0.25625 0.1265625
4 0.38984375 0.1515625 0.2671875 0.303125
4 0.4953125 0.05390625 0.1125 0.1078125
4 0.671875 0.09296875 0.259375 0.1859375
4 0.54375 0.18984375 0.1171875 0.228125
4 0.66796875 0.32421875 0.2921875 0.3390625
4 0.8890625 0.3203125 0.221875 0.346875
4 0.90625 0.75859375 0.1875 0.3953125
4 0.86171875 0.4984375 0.2015625 0.2671875
4 0.69375 0.8015625 0.146875 0.1515625
4 0.8671875 0.09375 0.190625 0.1875
4 0.56484375 0.5390625 0.0921875 0.2046875
4 0.02890625 0.5796875 0.0578125 0.16875