4 0.30703125 0.221875 0.084375 0.0703125
4 0.56640625 0.81875 0.4234375 0.3625
4 0.790625 0.72734375 0.41875 0.4890625
4 0.19765625 0.928125 0.2453125 0.14375
4 0.39921875 0.84765625 0.2671875 0.3046875
4 0.134375 0.82734375 0.1703125 0.1640625
4 0.04609375 0.7109375 0.0578125 0.1609375
4 0.04921875 0.6296875 0.0984375 0.228125
4 0.146875 0.73125 0.1171875 0.1640625
4 0.053125 0.5625 0.0984375 0.165625
4 0.1109375 0.584375 0.0640625 0.096875
4 0.13671875 0.65859375 0.1078125 0.109375
4 0.21328125 0.63046875 0.1203125 0.1796875
4 0.30546875 0.62734375 0.11875 0.14375
4 0.240625 0.7546875 0.1015625 0.134375
4 0.39375 0.6234375 0.1 0.13125