2 0.14609375 0.58203125 0.16875 0.253125
2 0.0578125 0.50390625 0.115625 0.2203125
2 0.01328125 0.6984375 0.0265625 0.19375
2 0.0703125 0.77578125 0.140625 0.2546875
2 0.18046875 0.81015625 0.175 0.2375
2 0.3125 0.59453125 0.2515625 0.4390625
2 0.53046875 0.63359375 0.2390625 0.534375
2 0.634375 0.81171875 0.196875 0.3203125
2 0.78828125 0.74765625 0.3671875 0.5046875
2 0.2328125 0.37734375 0.1578125 0.203125
2 0.34765625 0.26796875 0.175 0.2671875
2 0.4546875 0.1265625 0.178125 0.253125
2 0.56640625 0.19140625 0.1671875 0.3109375
2 0.6765625 0.14765625 0.128125 0.2484375
2 0.7734375 0.21796875 0.1765625 0.3171875
2 0.92109375 0.2578125 0.1578125 0.353125
2 0.16953125 0.25390625 0.1953125 0.3265625
2 0.22421875 0.04375 0.2203125 0.0875