3 0.14140625 0.38671875 0.2828125 0.6203125
3 0.32109375 0.56484375 0.1640625 0.31875
3 0.1765625 0.721875 0.140625 0.25625
3 0.30859375 0.8546875 0.1984375 0.290625
3 0.16328125 0.95390625 0.1953125 0.0921875
3 0.05078125 0.9140625 0.0578125 0.171875
3 0.0765625 0.765625 0.0921875 0.1546875
3 0.08984375 0.88828125 0.0671875 0.1203125
3 0.02734375 0.7625 0.0296875 0.134375
3 0.49609375 0.48984375 0.2921875 0.5703125
3 0.72265625 0.71484375 0.24375 0.4140625
3 0.52265625 0.87109375 0.2609375 0.2578125
3 0.7703125 0.94296875 0.20625 0.090625
3 0.92109375 0.79375 0.1578125 0.3625
3 0.66171875 0.36796875 0.13125 0.253125
3 0.7640625 0.43125 0.075 0.14375
3 0.86640625 0.528125 0.146875 0.25625
3 0.853125 0.19765625 0.278125 0.3953125
3 0.603125 0.1171875 0.28125 0.234375
3 0.35390625 0.10546875 0.2546875 0.209375
3 0.953125 0.44921875 0.09375 0.2578125