3 0.12421875 0.26796875 0.2484375 0.2296875
3 0.26015625 0.14296875 0.29375 0.2
3 0.37421875 0.334375 0.33125 0.2640625
3 0.4828125 0.44765625 0.2609375 0.221875
3 0.20234375 0.446875 0.3046875 0.2234375
3 0.8359375 0.27578125 0.2046875 0.1546875
3 0.91796875 0.42578125 0.1640625 0.1375
3 0.86171875 0.7859375 0.19375 0.1296875
3 0.87109375 0.92578125 0.140625 0.0890625
3 0.9671875 0.88125 0.065625 0.115625
3 0.33125 0.96953125 0.178125 0.0609375
3 0.10625 0.98515625 0.115625 0.0296875
3 0.54609375 0.9546875 0.1984375 0.090625
3 0.58046875 0.8796875 0.1765625 0.1
3 0.57734375 0.784375 0.15 0.10625