1 0.04765625 0.6015625 0.0546875 0.06875
1 0.13359375 0.7640625 0.0765625 0.0984375
1 0.29609375 0.8140625 0.0703125 0.075
1 0.50390625 0.775 0.0859375 0.075
1 0.45390625 0.7109375 0.0640625 0.0578125
1 0.46796875 0.628125 0.0625 0.0984375
1 0.44453125 0.5484375 0.0546875 0.0578125
1 0.44609375 0.5078125 0.0421875 0.078125
1 0.5625 0.55546875 0.0578125 0.0578125
1 0.559375 0.66328125 0.0640625 0.090625
1 0.47578125 0.871875 0.065625 0.0828125
1 0.4953125 0.9515625 0.059375 0.065625
1 0.56953125 0.9421875 0.028125 0.0625