1 0.20703125 0.21484375 0.24375 0.3828125
1 0.421875 0.5265625 0.3140625 0.446875
1 0.23671875 0.77109375 0.2015625 0.2703125
1 0.753125 0.89375 0.196875 0.2125
1 0.80546875 0.63203125 0.215625 0.3125
1 0.84375 0.21640625 0.1953125 0.3
1 0.6625 0.246875 0.1703125 0.2953125
1 0.128125 0.54140625 0.24375 0.3328125
1 0.41484375 0.1421875 0.225 0.26875
1 0.625 0.071875 0.1734375 0.1328125
1 0.96015625 0.62265625 0.078125 0.2265625
1 0.925 0.8765625 0.096875 0.246875
1 0.50859375 0.8265625 0.1734375 0.246875
1 0.63515625 0.61875 0.171875 0.2328125