1 0.2375 0.13671875 0.1421875 0.165625
1 0.2328125 0.28125 0.11875 0.1328125
1 0.19140625 0.38828125 0.0921875 0.115625
1 0.196875 0.48125 0.1 0.1328125
1 0.25 0.66953125 0.109375 0.1859375
1 0.340625 0.70703125 0.13125 0.1703125
1 0.42421875 0.76328125 0.115625 0.15
1 0.53671875 0.74921875 0.1609375 0.1921875
1 0.5546875 0.628125 0.121875 0.1078125
1 0.65 0.7 0.1125 0.1609375
1 0.7078125 0.62890625 0.128125 0.1265625
1 0.63046875 0.528125 0.109375 0.1078125
1 0.5421875 0.4640625 0.1578125 0.15625
1 0.51015625 0.3203125 0.1359375 0.1765625
1 0.42578125 0.29375 0.1171875 0.175