1 0.16796875 0.19921875 0.115625 0.1453125
1 0.19296875 0.34140625 0.0984375 0.115625
1 0.175 0.45546875 0.071875 0.1046875
1 0.2 0.54453125 0.078125 0.1203125
1 0.290625 0.7171875 0.075 0.175
1 0.3875 0.7359375 0.1015625 0.153125
1 0.48046875 0.7734375 0.090625 0.134375
1 0.5875 0.7359375 0.1296875 0.1703125
1 0.5796875 0.6140625 0.10625 0.0890625
1 0.68828125 0.6640625 0.084375 0.146875
1 0.7296875 0.5828125 0.109375 0.1078125
1 0.63359375 0.5 0.09375 0.090625
1 0.53359375 0.45625 0.134375 0.1328125
1 0.47265625 0.321875 0.10625 0.159375
1 0.384375 0.31328125 0.0859375 0.1609375