4 0.05625 0.93671875 0.075 0.1265625
4 0.1359375 0.90859375 0.103125 0.1828125
4 0.22890625 0.9171875 0.090625 0.1625
4 0.30625 0.896875 0.075 0.20625
4 0.3921875 0.91015625 0.09375 0.165625
4 0.4875 0.8875 0.0796875 0.21875
4 0.56875 0.90546875 0.0796875 0.1421875
4 0.63984375 0.88359375 0.0734375 0.1578125
4 0.71796875 0.9140625 0.05625 0.103125
4 0.70625 0.8421875 0.053125 0.0671875
4 0.7890625 0.84375 0.075 0.240625
4 0.86875 0.8515625 0.0671875 0.146875
4 0.95625 0.859375 0.084375 0.1546875
4 0.15625 0.82734375 0.0984375 0.1109375
4 0.075 0.703125 0.1234375 0.1375
4 0.0296875 0.61171875 0.05 0.0953125
4 0.1203125 0.61015625 0.1125 0.1046875
4 0.20234375 0.71171875 0.11875 0.125
4 0.3171875 0.68203125 0.1125 0.159375
4 0.41953125 0.68359375 0.090625 0.1390625
4 0.5234375 0.675 0.1203125 0.1671875
4 0.63984375 0.671875 0.11875 0.146875
4 0.74453125 0.64375 0.109375 0.134375
4 0.85 0.64296875 0.1046875 0.13125
4 0.9515625 0.6375 0.096875 0.16875
4 0.22578125 0.57734375 0.1109375 0.153125
4 0.35625 0.59140625 0.134375 0.0875
4 0.46328125 0.56875 0.0734375 0.1125
4 0.53984375 0.575 0.0734375 0.109375
4 0.64375 0.5515625 0.1390625 0.096875
4 0.74453125 0.5453125 0.0625 0.0890625
4 0.83203125 0.5234375 0.0984375 0.1265625
4 0.9375 0.515625 0.125 0.1125
4 0.0578125 0.5078125 0.115625 0.125
4 0.17265625 0.4984375 0.11875 0.0984375
4 0.2625 0.5 0.0578125 0.0765625
4 0.35703125 0.490625 0.1234375 0.103125
4 0.47421875 0.46484375 0.103125 0.1015625
4 0.57578125 0.4640625 0.1140625 0.10625
4 0.659375 0.4546875 0.0609375 0.0859375
4 0.7453125 0.475 0.1 0.0921875
4 0.8609375 0.44609375 0.1046875 0.0921875
4 0.95390625 0.41484375 0.0890625 0.1109375
4 0.01484375 0.4125 0.0296875 0.0875
4 0.09453125 0.4265625 0.1046875 0.1140625
4 0.1859375 0.4171875 0.0703125 0.096875
4 0.26171875 0.41640625 0.0734375 0.078125
4 0.35390625 0.396875 0.09375 0.1140625
4 0.45625 0.39296875 0.1140625 0.0796875
4 0.53671875 0.403125 0.0375 0.0796875
4 0.59609375 0.38515625 0.0734375 0.103125
4 0.67109375 0.378125 0.071875 0.084375
4 0.74921875 0.37578125 0.084375 0.1265625
4 0.8203125 0.3640625 0.0640625 0.121875
4 0.90625 0.36484375 0.0921875 0.0875
4 0.97578125 0.3421875 0.0359375 0.0765625
4 0.06640625 0.34140625 0.046875 0.0734375
4 0.01796875 0.33046875 0.0359375 0.1046875
4 0.1375 0.3390625 0.103125 0.0921875
4 0.23359375 0.346875 0.0875 0.096875
4 0.34296875 0.30859375 0.1328125 0.11875
4 0.42578125 0.33515625 0.053125 0.0796875
4 0.4859375 0.31796875 0.053125 0.0703125
4 0.55390625 0.30078125 0.0859375 0.084375
4 0.62890625 0.296875 0.075 0.1296875
4 0.72265625 0.2953125 0.1125 0.0921875
4 0.7984375 0.28515625 0.059375 0.0953125
4 0.85234375 0.29453125 0.0421875 0.0765625
4 0.90703125 0.27734375 0.06875 0.11875
4 0.9546875 0.21015625 0.0671875 0.125
4 0.01015625 0.2390625 0.0203125 0.134375
4 0.0375 0.25390625 0.040625 0.1140625
4 0.121875 0.25625 0.1109375 0.0859375
4 0.01796875 0.1515625 0.0359375 0.109375
4 0.02421875 0.05078125 0.0484375 0.0546875
4 0.01171875 0.0859375 0.0234375 0.059375
4 0.0796875 0.1421875 0.0875 0.1046875
4 0.07578125 0.05703125 0.0578125 0.0734375
4 0.13359375 0.084375 0.065625 0.0890625
4 0.14453125 0.17265625 0.071875 0.09375
4 0.20703125 0.2703125 0.0578125 0.0640625
4 0.171875 0.13359375 0.084375 0.096875
4 0.19453125 0.10078125 0.0640625 0.0578125
4 0.20234375 0.05 0.0390625 0.046875
4 0.21875 0.1796875 0.0703125 0.115625
4 0.253125 0.25078125 0.071875 0.1125
4 0.31015625 0.234375 0.0703125 0.0609375
4 0.24453125 0.13984375 0.0515625 0.0578125
4 0.25546875 0.10390625 0.0765625 0.0640625
4 0.26640625 0.06328125 0.0921875 0.05625
4 0.31796875 0.078125 0.06875 0.0703125
4 0.32265625 0.14375 0.090625 0.09375
4 0.37578125 0.18671875 0.0984375 0.0765625
4 0.34375 0.05 0.0484375 0.053125
4 0.3734375 0.08671875 0.0578125 0.0859375
4 0.39765625 0.0484375 0.04375 0.05625
4 0.4234375 0.1234375 0.0796875 0.078125
4 0.45390625 0.07421875 0.078125 0.084375