4 0.028125 0.9015625 0.05625 0.134375
4 0.10078125 0.8859375 0.0984375 0.203125
4 0.19375 0.8921875 0.0875 0.1609375
4 0.271875 0.884375 0.0703125 0.2171875
4 0.35703125 0.89921875 0.090625 0.1640625
4 0.45390625 0.884375 0.075 0.2171875
4 0.53359375 0.91015625 0.0765625 0.140625
4 0.60546875 0.89453125 0.0703125 0.15625
4 0.68125 0.93125 0.0546875 0.1015625
4 0.67578125 0.85859375 0.0515625 0.065625
4 0.7578125 0.86796875 0.071875 0.240625
4 0.83671875 0.88203125 0.065625 0.146875
4 0.9234375 0.89765625 0.08125 0.1546875
4 0.12890625 0.79609375 0.096875 0.109375
4 0.059375 0.66484375 0.11875 0.1359375
4 0.02265625 0.5703125 0.0453125 0.09375
4 0.11171875 0.5765625 0.1109375 0.103125
4 0.184375 0.68515625 0.1171875 0.121875
4 0.3015625 0.66484375 0.109375 0.1578125
4 0.40390625 0.67578125 0.0875 0.1375
4 0.5078125 0.67578125 0.1171875 0.1640625
4 0.62421875 0.68359375 0.1171875 0.1453125
4 0.73125 0.6640625 0.1078125 0.1328125
4 0.83671875 0.67265625 0.103125 0.1296875
4 0.94375 0.6765625 0.10625 0.1671875
4 0.21953125 0.553125 0.1078125 0.1515625
4 0.3484375 0.578125 0.1328125 0.084375
4 0.45703125 0.56484375 0.071875 0.1109375
4 0.53359375 0.57890625 0.071875 0.1078125
4 0.63828125 0.5640625 0.1375 0.09375
4 0.73984375 0.56640625 0.0609375 0.0890625
4 0.82890625 0.55234375 0.0953125 0.125
4 0.93671875 0.5546875 0.1265625 0.1109375
4 0.0578125 0.46875 0.115625 0.121875
4 0.17421875 0.46953125 0.1171875 0.096875
4 0.26328125 0.47890625 0.0578125 0.0765625
4 0.35859375 0.478125 0.121875 0.1015625
4 0.47734375 0.4625 0.1015625 0.1
4 0.578125 0.4703125 0.1125 0.103125
4 0.66328125 0.46875 0.059375 0.0859375
4 0.74609375 0.49609375 0.0984375 0.090625
4 0.8640625 0.47734375 0.103125 0.090625
4 0.9578125 0.4546875 0.084375 0.109375
4 0.0203125 0.36953125 0.0359375 0.0875
4 0.103125 0.39140625 0.1015625 0.1125
4 0.19453125 0.38984375 0.06875 0.0953125
4 0.26953125 0.39609375 0.0734375 0.0765625
4 0.36328125 0.384375 0.0921875 0.1125
4 0.465625 0.3890625 0.1125 0.078125
4 0.54453125 0.40703125 0.0359375 0.078125
4 0.60625 0.39453125 0.071875 0.1015625
4 0.68125 0.39375 0.0703125 0.0828125
4 0.759375 0.39765625 0.0828125 0.125
4 0.83125 0.39296875 0.0625 0.1203125
4 0.91640625 0.40078125 0.090625 0.0859375
4 0.98515625 0.38359375 0.0296875 0.0765625
4 0.08125 0.30390625 0.0453125 0.071875
4 0.02890625 0.2890625 0.046875 0.1046875
4 0.15234375 0.3078125 0.1015625 0.090625
4 0.2484375 0.32421875 0.0859375 0.0953125
4 0.36015625 0.29609375 0.1296875 0.1171875
4 0.440625 0.32890625 0.0515625 0.0796875
4 0.5015625 0.3171875 0.0515625 0.06875
4 0.57109375 0.30625 0.084375 0.0828125
4 0.64609375 0.30859375 0.071875 0.128125
4 0.7390625 0.315625 0.1109375 0.090625
4 0.81640625 0.31171875 0.0578125 0.0953125
4 0.86875 0.32578125 0.040625 0.075
4 0.925 0.3140625 0.0671875 0.1171875
4 0.97265625 0.25078125 0.0546875 0.1234375
4 0.02578125 0.196875 0.0359375 0.134375
4 0.06015625 0.2140625 0.0390625 0.1140625
4 0.14453125 0.22421875 0.109375 0.084375
4 0.0390625 0.1109375 0.0546875 0.1078125
4 0.0546875 0.01796875 0.06875 0.0359375
4 0.040625 0.04453125 0.0421875 0.059375
4 0.1125 0.10625 0.0859375 0.103125
4 0.11484375 0.028125 0.0578125 0.05625
4 0.17109375 0.05390625 0.0640625 0.0890625
4 0.175 0.14296875 0.0703125 0.0921875
4 0.228125 0.24609375 0.05625 0.0625
4 0.2046875 0.10703125 0.0828125 0.0953125
4 0.23046875 0.07578125 0.0640625 0.05625
4 0.24296875 0.02578125 0.0375 0.046875
4 0.24765625 0.15625 0.06875 0.1140625
4 0.27578125 0.23046875 0.0703125 0.1109375
4 0.33359375 0.21875 0.0703125 0.059375
4 0.27734375 0.11953125 0.05 0.05625
4 0.290625 0.08359375 0.075 0.0640625
4 0.30546875 0.04453125 0.0921875 0.0546875
4 0.35546875 0.0640625 0.0671875 0.06875
4 0.35390625 0.1296875 0.0890625 0.0921875
4 0.403125 0.1765625 0.0984375 0.075
4 0.38359375 0.0375 0.046875 0.053125
4 0.41015625 0.07734375 0.05625 0.0859375
4 0.43671875 0.04140625 0.04375 0.05625
4 0.45625 0.11875 0.0796875 0.0765625
4 0.49140625 0.071875 0.0765625 0.0828125