1 0.22265625 0.2 0.2609375 0.390625
1 0.4203125 0.521875 0.3328125 0.4578125
1 0.22265625 0.75703125 0.2125 0.278125
1 0.73125 0.89765625 0.20625 0.2046875
1 0.7984375 0.64765625 0.2296875 0.3203125
1 0.85859375 0.23515625 0.209375 0.30625
1 0.67578125 0.25546875 0.184375 0.3
1 0.128125 0.52109375 0.25625 0.3421875
1 0.43359375 0.13828125 0.2359375 0.2765625
1 0.64765625 0.07890625 0.178125 0.140625
1 0.953125 0.646875 0.0890625 0.228125
1 0.90390625 0.88671875 0.1109375 0.2265625
1 0.49140625 0.8265625 0.184375 0.253125
1 0.62890625 0.62578125 0.1828125 0.2390625