1 0.28046875 0.18046875 0.24375 0.284375
1 0.53046875 0.265625 0.2171875 0.2765625
1 0.0984375 0.41953125 0.190625 0.2125
1 0.1265625 0.225 0.1390625 0.184375
1 0.1703125 0.57109375 0.20625 0.2453125
1 0.23359375 0.7140625 0.1703125 0.2484375
1 0.34921875 0.70390625 0.16875 0.2015625
1 0.3375 0.5 0.18125 0.2078125
1 0.465625 0.55703125 0.134375 0.1875
1 0.54296875 0.7734375 0.209375 0.290625
1 0.72734375 0.6296875 0.1546875 0.171875
1 0.66953125 0.5109375 0.1390625 0.1734375
1 0.79140625 0.4390625 0.1359375 0.1890625
1 0.92265625 0.51328125 0.1546875 0.1734375