1 0.08203125 0.70078125 0.06875 0.0796875
1 0.20234375 0.83984375 0.096875 0.1125
1 0.371875 0.8515625 0.084375 0.0875
1 0.565625 0.7671875 0.1 0.0921875
1 0.50234375 0.715625 0.075 0.0703125
1 0.49765625 0.63203125 0.08125 0.109375
1 0.45703125 0.56015625 0.065625 0.06875
1 0.44921875 0.51953125 0.059375 0.0859375
1 0.5734375 0.53984375 0.06875 0.06875
1 0.59453125 0.6453125 0.0828125 0.1015625
1 0.56015625 0.8671875 0.0828125 0.09375
1 0.596875 0.94140625 0.071875 0.0765625
1 0.6671875 0.91484375 0.0421875 0.0671875