3 0.13359375 0.353125 0.121875 0.1703125
3 0.2421875 0.45859375 0.1 0.153125
3 0.1640625 0.55390625 0.1890625 0.2703125
3 0.271875 0.83515625 0.209375 0.278125
3 0.153125 0.7859375 0.1203125 0.19375
3 0.35546875 0.92578125 0.090625 0.1125
3 0.409375 0.8359375 0.1015625 0.153125
3 0.5078125 0.82890625 0.165625 0.2484375
3 0.6109375 0.8421875 0.0828125 0.1015625
3 0.59140625 0.93828125 0.1015625 0.1234375
3 0.68984375 0.84140625 0.0984375 0.146875
3 0.69921875 0.71875 0.08125 0.153125
3 0.62421875 0.70078125 0.1421875 0.2359375
3 0.553125 0.65546875 0.10625 0.1640625
3 0.48515625 0.68515625 0.11875 0.2390625
3 0.4328125 0.65 0.084375 0.13125
3 0.37109375 0.6546875 0.0921875 0.15625
3 0.296875 0.66328125 0.078125 0.11875
3 0.25078125 0.625 0.0640625 0.1078125
3 0.33359375 0.50546875 0.1484375 0.2171875
3 0.45390625 0.45234375 0.165625 0.2453125
3 0.590625 0.49140625 0.1765625 0.3
3 0.38671875 0.31484375 0.1140625 0.16875
3 0.29375 0.3140625 0.121875 0.175
3 0.209375 0.2296875 0.1265625 0.2078125
3 0.29609375 0.11875 0.1328125 0.2015625
3 0.40859375 0.0640625 0.1578125 0.128125
3 0.37421875 0.20234375 0.1171875 0.1671875
3 0.48359375 0.19296875 0.13125 0.134375
3 0.53671875 0.08046875 0.1609375 0.1609375
3 0.640625 0.13125 0.08125 0.1234375
3 0.5875 0.0734375 0.078125 0.1328125
3 0.6859375 0.26875 0.075 0.1125
3 0.73828125 0.32734375 0.0796875 0.1359375
3 0.66953125 0.3828125 0.0828125 0.13125
3 0.6328125 0.43046875 0.084375 0.1140625
3 0.821875 0.28671875 0.1390625 0.2296875
3 0.7890625 0.475 0.0890625 0.1453125
3 0.7359375 0.45 0.0953125 0.1375
3 0.71875 0.56171875 0.1046875 0.165625
3 0.68046875 0.4953125 0.071875 0.1515625
3 0.63359375 0.26171875 0.053125 0.0953125
3 0.7484375 0.078125 0.13125 0.0953125