4 0.69453125 0.4984375 0.29375 0.4703125
4 0.4875 0.759375 0.2625 0.35
4 0.41015625 0.92578125 0.284375 0.134375
4 0.11484375 0.90703125 0.2296875 0.1671875
4 0.19296875 0.77578125 0.2578125 0.346875
4 0.03125 0.71484375 0.0625 0.2984375
4 0.15546875 0.4921875 0.2515625 0.3171875
4 0.41875 0.4953125 0.2609375 0.2734375
4 0.925 0.49296875 0.15 0.2765625
4 0.95546875 0.8453125 0.0765625 0.309375
4 0.9328125 0.68828125 0.13125 0.26875
4 0.96328125 0.2625 0.0734375 0.175
4 0.7671875 0.12578125 0.196875 0.2125
4 0.5796875 0.171875 0.240625 0.2796875
4 0.36015625 0.07421875 0.2203125 0.1484375
4 0.10703125 0.071875 0.1828125 0.14375
4 0.07265625 0.2890625 0.1375 0.1953125