4 0.18984375 0.1890625 0.3796875 0.3625
4 0.503125 0.05859375 0.328125 0.1171875
4 0.13125 0.3921875 0.1609375 0.1234375
4 0.08671875 0.5328125 0.1734375 0.1625
4 0.25078125 0.46484375 0.2703125 0.1875
4 0.20390625 0.6578125 0.1546875 0.146875
4 0.596875 0.41875 0.2640625 0.171875
4 0.57734375 0.29140625 0.240625 0.1171875
4 0.50703125 0.54296875 0.2828125 0.253125
4 0.37734375 0.68203125 0.2421875 0.20625
4 0.259375 0.78671875 0.23125 0.1609375
4 0.6015625 0.75 0.26875 0.165625
4 0.77421875 0.5671875 0.30625 0.175