2 0.16875 0.6484375 0.128125 0.234375
2 0.05390625 0.590625 0.1078125 0.203125
2 0.028125 0.79453125 0.05625 0.1859375
2 0.10546875 0.8578125 0.1515625 0.2328125
2 0.2453125 0.86484375 0.1359375 0.2171875
2 0.33359375 0.628125 0.1765625 0.415625
2 0.55546875 0.625 0.14375 0.5203125
2 0.69140625 0.78046875 0.14375 0.3
2 0.8375 0.7265625 0.26875 0.546875
2 0.2140625 0.43125 0.1265625 0.1828125
2 0.30546875 0.3015625 0.13125 0.2484375
2 0.38125 0.1296875 0.13125 0.259375
2 0.50625 0.184375 0.1125 0.296875
2 0.60546875 0.1203125 0.0859375 0.2390625
2 0.7140625 0.17109375 0.121875 0.3015625
2 0.87890625 0.18046875 0.11875 0.3390625
2 0.12890625 0.321875 0.1390625 0.3078125
2 0.13515625 0.06640625 0.1984375 0.1328125