1 0.409375 0.49296875 0.4109375 0.425
1 0.16015625 0.35859375 0.3046875 0.3046875
1 0.2234375 0.80390625 0.421875 0.3921875
1 0.07421875 0.165625 0.1484375 0.221875
1 0.1578125 0.04140625 0.0359375 0.01875
1 0.6078125 0.2578125 0.3890625 0.3859375
1 0.34609375 0.13984375 0.4328125 0.2796875
1 0.7125 0.07734375 0.28125 0.1546875
1 0.87890625 0.23828125 0.2140625 0.2421875
1 0.92890625 0.45625 0.1421875 0.375
1 0.76796875 0.540625 0.328125 0.35625
1 0.565625 0.80859375 0.3640625 0.33125
1 0.82109375 0.78984375 0.3578125 0.3859375