3 0.25546875 0.7515625 0.434375 0.3390625
3 0.11015625 0.54609375 0.2203125 0.2765625
3 0.10703125 0.26796875 0.2140625 0.2890625
3 0.52265625 0.31171875 0.3359375 0.2734375
3 0.3953125 0.13359375 0.3875 0.2671875
3 0.11171875 0.090625 0.2234375 0.134375
3 0.33359375 0.93828125 0.3734375 0.1234375
3 0.63515625 0.74765625 0.4234375 0.3140625
3 0.7703125 0.9453125 0.3390625 0.0953125
3 0.87578125 0.63125 0.2484375 0.24375
3 0.93203125 0.88125 0.1359375 0.175
3 0.928125 0.296875 0.1328125 0.25625
3 0.7890625 0.14609375 0.315625 0.2921875