3 0.04765625 0.44375 0.0953125 0.134375
3 0.05703125 0.609375 0.1140625 0.153125
3 0.0609375 0.77109375 0.121875 0.1515625
3 0.1484375 0.3234375 0.1109375 0.1359375
3 0.15234375 0.4953125 0.115625 0.1515625
3 0.16796875 0.63203125 0.103125 0.1265625
3 0.203125 0.765625 0.1234375 0.153125
3 0.34296875 0.41953125 0.115625 0.1734375
3 0.4109375 0.5484375 0.125 0.171875
3 0.34453125 0.58125 0.115625 0.159375
3 0.41953125 0.6890625 0.1 0.128125
3 0.50625 0.62109375 0.140625 0.19375
3 0.5796875 0.46875 0.1296875 0.1625
3 0.46171875 0.41328125 0.14375 0.1796875
3 0.48515625 0.25703125 0.1328125 0.1640625
3 0.55546875 0.30234375 0.08125 0.1609375
3 0.63203125 0.36015625 0.1296875 0.1890625
3 0.62578125 0.54453125 0.1109375 0.18125
3 0.72578125 0.81484375 0.1328125 0.175
3 0.8046875 0.34921875 0.13125 0.1921875
3 0.9046875 0.45859375 0.13125 0.1875