3 0.1640625 0.02734375 0.090625 0.0546875
3 0.49453125 0.10625 0.1078125 0.1328125
3 0.5828125 0.0296875 0.08125 0.059375
3 0.5921875 0.11171875 0.096875 0.1203125
3 0.58828125 0.22578125 0.1078125 0.1328125
3 0.5046875 0.2125 0.1109375 0.14375
3 0.5109375 0.2984375 0.0953125 0.1140625
3 0.4890625 0.4953125 0.0859375 0.1109375
3 0.56796875 0.5203125 0.078125 0.103125
3 0.47265625 0.57265625 0.075 0.0921875
3 0.45859375 0.65078125 0.0984375 0.1015625
3 0.43125 0.74765625 0.1015625 0.11875
3 0.51015625 0.70859375 0.084375 0.1109375
3 0.53515625 0.62578125 0.071875 0.1109375