3 0.04140625 0.525 0.0828125 0.121875
3 0.0828125 0.6859375 0.09375 0.1390625
3 0.1125 0.84375 0.10625 0.1359375
3 0.12265625 0.3875 0.0921875 0.121875
3 0.15703125 0.55546875 0.09375 0.1375
3 0.19609375 0.6875 0.0859375 0.1140625
3 0.25390625 0.81328125 0.1015625 0.1390625
3 0.33125 0.44765625 0.0890625 0.1609375
3 0.42109375 0.56328125 0.1 0.1578125
3 0.3609375 0.60703125 0.0921875 0.146875
3 0.45390625 0.7 0.08125 0.115625
3 0.5265625 0.61875 0.1109375 0.178125
3 0.57265625 0.45546875 0.10625 0.146875
3 0.44765625 0.42109375 0.11875 0.1625
3 0.44296875 0.26328125 0.109375 0.1484375
3 0.5203125 0.2953125 0.0546875 0.1546875
3 0.60625 0.3390625 0.1015625 0.175
3 0.63203125 0.521875 0.0828125 0.1703125
3 0.77734375 0.7703125 0.10625 0.159375
3 0.77421875 0.2984375 0.1015625 0.178125
3 0.89140625 0.3890625 0.103125 0.1734375