0 0.28828125 0.61015625 0.1296875 0.1640625
0 0.15390625 0.57421875 0.1015625 0.1265625
0 0.0625 0.5796875 0.10625 0.128125
0 0.04921875 0.45390625 0.0984375 0.1234375
0 0.1296875 0.46953125 0.0828125 0.0984375
0 0.2 0.409375 0.1140625 0.1484375
0 0.30703125 0.49140625 0.1109375 0.134375
0 0.1171875 0.7609375 0.1140625 0.1484375
0 0.19921875 0.7734375 0.1 0.1234375
0 0.13359375 0.88515625 0.103125 0.1328125
0 0.21875 0.884375 0.10625 0.1359375
0 0.29609375 0.82578125 0.0875 0.1046875
0 0.16484375 0.29140625 0.10625 0.128125