4 0.090625 0.121875 0.1546875 0.228125
4 0.04765625 0.25078125 0.090625 0.2125
4 0.0546875 0.346875 0.096875 0.0796875
4 0.09296875 0.46171875 0.184375 0.2046875
4 0.0265625 0.60859375 0.053125 0.1734375
4 0.0828125 0.81171875 0.165625 0.2765625
4 0.1734375 0.89765625 0.2609375 0.1984375
4 0.1453125 0.3015625 0.10625 0.1875
4 0.25859375 0.2171875 0.1859375 0.2375
4 0.10625 0.61796875 0.128125 0.1640625
4 0.27109375 0.646875 0.2359375 0.35625
4 0.39765625 0.85 0.2078125 0.2078125
4 0.42109375 0.96875 0.2109375 0.0625
4 0.60078125 0.90859375 0.2203125 0.1828125
4 0.278125 0.07421875 0.1796875 0.1265625
4 0.40546875 0.1484375 0.1140625 0.28125
4 0.5234375 0.11953125 0.21875 0.2390625
4 0.32265625 0.44609375 0.2765625 0.35625
4 0.52265625 0.32734375 0.1921875 0.221875
4 0.5609375 0.62109375 0.2515625 0.4046875
4 0.7015625 0.115625 0.1546875 0.2203125
4 0.7921875 0.33359375 0.215625 0.2828125
4 0.815625 0.1 0.184375 0.1921875
4 0.95546875 0.06875 0.0890625 0.125
4 0.93671875 0.20078125 0.1265625 0.1609375
4 0.91328125 0.40703125 0.0609375 0.2609375
4 0.959375 0.38203125 0.08125 0.3390625
4 0.7703125 0.60703125 0.1890625 0.2828125
4 0.85234375 0.81875 0.2890625 0.3625
4 0.93125 0.5609375 0.121875 0.1390625