3 0.13203125 0.31640625 0.1 0.1546875
3 0.18671875 0.83671875 0.0796875 0.15
3 0.33828125 0.67890625 0.0953125 0.1640625
3 0.53203125 0.7765625 0.115625 0.178125
3 0.63984375 0.796875 0.1328125 0.2015625
3 0.50859375 0.55 0.103125 0.1796875
3 0.5921875 0.52578125 0.1265625 0.19375
3 0.47734375 0.4109375 0.13125 0.1703125
3 0.425 0.3625 0.0859375 0.128125
3 0.4625 0.1921875 0.096875 0.184375
3 0.53203125 0.28359375 0.0859375 0.1734375
3 0.634375 0.13046875 0.1203125 0.1875
3 0.6890625 0.07265625 0.128125 0.1453125
3 0.6859375 0.3125 0.0875 0.1375
3 0.77265625 0.30703125 0.1359375 0.2203125
3 0.7265625 0.62109375 0.1296875 0.1921875
3 0.7203125 0.77578125 0.0953125 0.1609375
3 0.7578125 0.753125 0.0609375 0.153125