4 0.27890625 0.07890625 0.3609375 0.1578125
4 0.21796875 0.471875 0.4359375 0.84375
4 0.159375 0.74765625 0.31875 0.3984375
4 0.0828125 0.4171875 0.165625 0.359375
4 0.55625 0.528125 0.646875 0.8234375
4 0.8140625 0.6 0.371875 0.734375
4 0.325 0.74453125 0.2359375 0.371875
4 0.3015625 0.87734375 0.15 0.190625
4 0.640625 0.7828125 0.63125 0.434375
4 0.734375 0.92734375 0.334375 0.1453125
4 0.59140625 0.0859375 0.3296875 0.171875
4 0.784375 0.22890625 0.43125 0.4140625
4 0.9734375 0.23203125 0.053125 0.2328125
4 0.6828125 0.4015625 0.4953125 0.54375
4 0.4265625 0.225 0.2359375 0.321875
4 0.59921875 0.775 0.5359375 0.45