2 0.221875 0.73359375 0.1796875 0.25625
2 0.09453125 0.7109375 0.15625 0.221875
2 0.125 0.90859375 0.10625 0.1828125
2 0.21953125 0.91171875 0.2015625 0.1765625
2 0.3546875 0.9 0.184375 0.2
2 0.37578125 0.66953125 0.2703125 0.4421875
2 0.58828125 0.6046875 0.2640625 0.534375
2 0.7609375 0.7171875 0.2109375 0.3234375
2 0.84609375 0.62734375 0.3078125 0.5953125
2 0.20625 0.5125 0.165625 0.20625
2 0.25859375 0.3625 0.1859375 0.2703125
2 0.284375 0.175 0.1890625 0.284375
2 0.41875 0.1953125 0.1796875 0.3125
2 0.496875 0.115625 0.140625 0.23125
2 0.615625 0.1421875 0.190625 0.284375
2 0.7765625 0.1328125 0.196875 0.265625
2 0.09921875 0.43046875 0.1984375 0.3296875
2 0.0703125 0.17890625 0.140625 0.1828125