3 0.23984375 0.559375 0.303125 0.221875
3 0.19140625 0.75390625 0.2234375 0.215625
3 0.0375 0.8203125 0.075 0.228125
3 0.06796875 0.4578125 0.1359375 0.284375
3 0.13046875 0.29609375 0.2359375 0.2265625
3 0.15546875 0.096875 0.2078125 0.19375
3 0.34296875 0.06015625 0.2140625 0.1203125
3 0.37109375 0.178125 0.240625 0.2015625
3 0.59921875 0.1515625 0.2484375 0.19375
3 0.53515625 0.040625 0.2109375 0.08125
3 0.73984375 0.084375 0.1828125 0.13125
3 0.92109375 0.13359375 0.1578125 0.1765625
3 0.90703125 0.30859375 0.1859375 0.1859375
3 0.86328125 0.721875 0.2453125 0.2375
3 0.36640625 0.75 0.165625 0.159375
3 0.48203125 0.78984375 0.1796875 0.178125
3 0.6109375 0.87734375 0.1671875 0.1765625