3 0.221875 0.196875 0.1125 0.159375
3 0.08671875 0.70234375 0.090625 0.1515625
3 0.28515625 0.609375 0.1078125 0.1671875
3 0.43046875 0.76953125 0.128125 0.1828125
3 0.52421875 0.82734375 0.146875 0.2078125
3 0.48984375 0.55 0.115625 0.1828125
3 0.5765625 0.55703125 0.140625 0.2
3 0.5109375 0.40859375 0.14375 0.178125
3 0.47890625 0.34453125 0.0953125 0.1328125
3 0.575 0.19921875 0.1109375 0.1875
3 0.60703125 0.309375 0.1 0.1765625
3 0.7578125 0.203125 0.134375 0.19375
3 0.8359375 0.1515625 0.1421875 0.1890625
3 0.740625 0.39140625 0.096875 0.1421875
3 0.8234375 0.41796875 0.1515625 0.2265625
3 0.66875 0.69453125 0.14375 0.1984375
3 0.60703125 0.83671875 0.1078125 0.1640625
3 0.65 0.82890625 0.0734375 0.1546875