1 0.03671875 0.48125 0.06875 0.0796875
1 0.07734375 0.66015625 0.096875 0.1125
1 0.221875 0.75 0.084375 0.0875
1 0.4328125 0.76640625 0.1 0.0921875
1 0.40078125 0.6921875 0.075 0.0703125
1 0.4359375 0.615625 0.08125 0.109375
1 0.43359375 0.5328125 0.065625 0.06875
1 0.44609375 0.49375 0.059375 0.0859375
1 0.54609375 0.56953125 0.06875 0.06875
1 0.51484375 0.67265625 0.0828125 0.1015625
1 0.38046875 0.85234375 0.0828125 0.09375
1 0.37890625 0.93515625 0.071875 0.0765625
1 0.45234375 0.94453125 0.0421875 0.0671875