3 0.04609375 0.46015625 0.0921875 0.1328125
3 0.0609375 0.62578125 0.1109375 0.15
3 0.06875 0.78671875 0.1234375 0.1484375
3 0.1421875 0.3359375 0.1078125 0.134375
3 0.15234375 0.5078125 0.1109375 0.1484375
3 0.17265625 0.64375 0.1 0.1234375
3 0.2125 0.77578125 0.11875 0.15
3 0.340625 0.425 0.1109375 0.171875
3 0.4125 0.5515625 0.1203125 0.16875
3 0.346875 0.58671875 0.1109375 0.1578125
3 0.42578125 0.69140625 0.096875 0.1265625
3 0.51015625 0.62109375 0.134375 0.190625
3 0.578125 0.465625 0.125 0.159375
3 0.45859375 0.4140625 0.1390625 0.1765625
3 0.4765625 0.2578125 0.128125 0.1625
3 0.5484375 0.30078125 0.075 0.1609375
3 0.62734375 0.35546875 0.125 0.1859375
3 0.62734375 0.53984375 0.10625 0.1796875
3 0.73671875 0.80625 0.1265625 0.171875
3 0.79921875 0.33828125 0.125 0.1890625
3 0.90234375 0.44453125 0.1265625 0.184375