0 0.265625 0.54375 0.1140625 0.1546875
0 0.14765625 0.4703125 0.090625 0.11875
0 0.05859375 0.44765625 0.09375 0.11875
0 0.08046875 0.3234375 0.0921875 0.115625
0 0.15546875 0.3625 0.0734375 0.0921875
0 0.2390625 0.32578125 0.1 0.140625
0 0.31796875 0.43515625 0.0984375 0.1265625
0 0.05703125 0.6375 0.1 0.140625
0 0.1328125 0.6734375 0.0875 0.115625
0 0.04140625 0.7609375 0.0828125 0.125
0 0.11875 0.78515625 0.09375 0.128125
0 0.209375 0.75234375 0.0765625 0.0984375
0 0.240625 0.203125 0.09375 0.11875