4 0.14921875 0.12734375 0.2984375 0.2203125
4 0.1921875 0.58671875 0.384375 0.8078125
4 0.21171875 0.84765625 0.3890625 0.3046875
4 0.06796875 0.5703125 0.1359375 0.35
4 0.5625 0.50703125 0.5359375 0.7640625
4 0.84765625 0.4734375 0.3046875 0.709375
4 0.41953125 0.7890625 0.18125 0.35625
4 0.44296875 0.91640625 0.1234375 0.1671875
4 0.7296875 0.76875 0.540625 0.4625
4 0.865625 0.8734375 0.26875 0.2125
4 0.4390625 0.07109375 0.31875 0.1421875
4 0.721875 0.15078125 0.49375 0.3015625
4 0.90546875 0.08828125 0.1328125 0.1765625
4 0.63828125 0.3453125 0.428125 0.4921875
4 0.33671875 0.26640625 0.1921875 0.3015625
4 0.70234375 0.7640625 0.4734375 0.471875