1 0.10078125 0.2953125 0.14375 0.1671875
1 0.1625 0.4265625 0.1203125 0.134375
1 0.17421875 0.540625 0.09375 0.1171875
1 0.221875 0.62109375 0.103125 0.134375
1 0.35390625 0.7640625 0.1125 0.1859375
1 0.45234375 0.75703125 0.1328125 0.1703125
1 0.5515625 0.76875 0.1171875 0.15
1 0.6453125 0.70546875 0.1640625 0.19375
1 0.60703125 0.5890625 0.121875 0.109375
1 0.725 0.61015625 0.1140625 0.1609375
1 0.74375 0.5203125 0.1296875 0.128125
1 0.62890625 0.465625 0.1109375 0.109375
1 0.52109375 0.44921875 0.159375 0.1578125
1 0.42734375 0.33515625 0.1375 0.1765625
1 0.33984375 0.35 0.11875 0.175