3 0.1421875 0.29765625 0.09375 0.1515625
3 0.16953125 0.81953125 0.0734375 0.146875
3 0.32890625 0.6703125 0.0875 0.1609375
3 0.5171875 0.77734375 0.1078125 0.1734375
3 0.6234375 0.80390625 0.1234375 0.196875
3 0.50625 0.55078125 0.09375 0.1765625
3 0.590625 0.53046875 0.1171875 0.190625
3 0.48203125 0.41015625 0.1234375 0.165625
3 0.43203125 0.35859375 0.0796875 0.1265625
3 0.478125 0.190625 0.0875 0.18125
3 0.54296875 0.28515625 0.078125 0.171875
3 0.653125 0.13828125 0.1125 0.1828125
3 0.71171875 0.0765625 0.1203125 0.153125
3 0.6953125 0.321875 0.08125 0.1359375
3 0.78203125 0.321875 0.125 0.215625
3 0.7203125 0.6328125 0.121875 0.1875
3 0.70546875 0.78671875 0.0875 0.1578125
3 0.74453125 0.76640625 0.0546875 0.1515625