3 0.19375 0.8453125 0.134375 0.1234375
3 0.4515625 0.92578125 0.140625 0.1484375
3 0.61328125 0.87421875 0.15625 0.171875
3 0.61875 0.7125 0.115625 0.1203125
3 0.7703125 0.68203125 0.134375 0.1828125
3 0.890625 0.69609375 0.1390625 0.16875
3 0.884375 0.5171875 0.1046875 0.1203125
3 0.6859375 0.53828125 0.140625 0.1484375
3 0.69765625 0.3734375 0.175 0.184375
3 0.415625 0.75859375 0.1296875 0.1203125
3 0.41796875 0.615625 0.14375 0.140625
3 0.41640625 0.46015625 0.11875 0.1234375
3 0.39140625 0.30390625 0.128125 0.115625
3 0.2609375 0.4046875 0.1484375 0.1296875
3 0.26796875 0.5796875 0.16875 0.1453125
3 0.24921875 0.72109375 0.1375 0.1078125
3 0.10625 0.59296875 0.1375 0.11875
3 0.09453125 0.44765625 0.1375 0.1328125
3 0.0890625 0.29296875 0.109375 0.1125
3 0.1203125 0.16015625 0.128125 0.109375
3 0.28046875 0.26640625 0.1375 0.1375