3 0.23046875 0.72421875 0.415625 0.3109375
3 0.1046875 0.5046875 0.209375 0.2625
3 0.1203125 0.2265625 0.2234375 0.275
3 0.5421875 0.31484375 0.3203125 0.253125
3 0.434375 0.12265625 0.371875 0.2453125
3 0.13515625 0.05390625 0.2578125 0.1078125
3 0.28671875 0.934375 0.365625 0.1296875
3 0.60859375 0.76015625 0.4046875 0.2859375
3 0.72265625 0.9671875 0.3359375 0.065625
3 0.87109375 0.67109375 0.2546875 0.228125
3 0.9109375 0.921875 0.165625 0.15625
3 0.94453125 0.34296875 0.1109375 0.2484375
3 0.82578125 0.171875 0.2984375 0.284375