2 0.0140625 0.33359375 0.028125 0.1484375
2 0.05546875 0.4671875 0.1109375 0.225
2 0.1640625 0.50078125 0.140625 0.340625
2 0.253125 0.48359375 0.1015625 0.403125
2 0.32421875 0.46171875 0.1625 0.49375
2 0.44140625 0.4171875 0.1484375 0.475
2 0.55859375 0.39765625 0.1734375 0.54375
2 0.659375 0.4421875 0.0703125 0.3078125
2 0.76328125 0.459375 0.1578125 0.3953125
2 0.87890625 0.3796875 0.1375 0.4140625
2 0.94296875 0.353125 0.1140625 0.49375
2 0.040625 0.7609375 0.0515625 0.1484375
2 0.0671875 0.86484375 0.096875 0.2703125
2 0.153125 0.83828125 0.134375 0.3234375
2 0.27578125 0.80546875 0.1734375 0.3890625
2 0.3875 0.74375 0.115625 0.2546875
2 0.41328125 0.8609375 0.1453125 0.278125
2 0.54765625 0.83203125 0.1578125 0.3359375
2 0.65703125 0.73984375 0.128125 0.3265625
2 0.7109375 0.86640625 0.1765625 0.2453125
2 0.865625 0.8078125 0.1703125 0.334375
2 0.9671875 0.7703125 0.065625 0.38125
2 0.015625 0.1609375 0.03125 0.240625
2 0.090625 0.140625 0.1234375 0.2203125
2 0.2140625 0.12734375 0.125 0.2171875
2 0.321875 0.1296875 0.1265625 0.2390625
2 0.453125 0.09921875 0.140625 0.1984375
2 0.61328125 0.09921875 0.1546875 0.1984375
2 0.74296875 0.09921875 0.1109375 0.1984375
2 0.865625 0.0859375 0.128125 0.171875
2 0.9421875 0.08203125 0.059375 0.1640625