3 0.19609375 0.19765625 0.175 0.171875
3 0.40703125 0.18125 0.2453125 0.1890625
3 0.740625 0.25234375 0.2375 0.1875
3 0.18125 0.3859375 0.2078125 0.1640625
3 0.1515625 0.59296875 0.203125 0.18125
3 0.35 0.66171875 0.2125 0.1953125
3 0.10078125 0.7921875 0.1515625 0.1546875
3 0.3859375 0.89296875 0.1984375 0.15
3 0.1515625 0.96640625 0.184375 0.0671875
3 0.09296875 0.9125 0.090625 0.084375
3 0.57265625 0.9546875 0.1796875 0.090625
3 0.73984375 0.93984375 0.1375 0.084375
3 0.85703125 0.85234375 0.2140625 0.1859375
3 0.58671875 0.578125 0.2046875 0.1625
3 0.8328125 0.62109375 0.2140625 0.1890625
3 0.87109375 0.453125 0.1984375 0.175
3 0.64140625 0.3921875 0.1859375 0.1671875
3 0.6171875 0.75 0.18125 0.1375
3 0.0296875 0.51640625 0.059375 0.1203125
3 0.3765625 0.315625 0.2140625 0.1765625