4 0.396875 0.17734375 0.078125 0.0625
4 0.465625 0.83046875 0.390625 0.3390625
4 0.740625 0.79296875 0.434375 0.4140625
4 0.0921875 0.86484375 0.184375 0.2140625
4 0.2984375 0.8171875 0.2359375 0.3125
4 0.06640625 0.70546875 0.1328125 0.1484375
4 0.01171875 0.56796875 0.0234375 0.1609375
4 0.03359375 0.49296875 0.0671875 0.2265625
4 0.09453125 0.6171875 0.1 0.15625
4 0.0546875 0.42890625 0.08125 0.1609375
4 0.103125 0.4671875 0.053125 0.0921875
4 0.10625 0.5453125 0.0984375 0.1
4 0.1875 0.540625 0.1015625 0.171875
4 0.2765625 0.56484375 0.1046875 0.134375
4 0.17734375 0.66796875 0.0890625 0.1265625
4 0.3625 0.58671875 0.0859375 0.1234375