1 0.16953125 0.29765625 0.221875 0.2703125
1 0.4328125 0.2734375 0.196875 0.265625
1 0.10078125 0.58984375 0.175 0.2015625
1 0.0546875 0.40078125 0.109375 0.1765625
1 0.228125 0.69921875 0.1875 0.234375
1 0.34375 0.80390625 0.15 0.2421875
1 0.4453125 0.74765625 0.153125 0.1921875
1 0.3515625 0.56640625 0.1671875 0.1984375
1 0.49140625 0.56640625 0.11875 0.18125
1 0.65078125 0.73203125 0.1859375 0.28125
1 0.76015625 0.52578125 0.1421875 0.1625
1 0.659375 0.440625 0.125 0.1671875
1 0.74140625 0.32578125 0.1203125 0.1828125
1 0.89375 0.33984375 0.146875 0.1640625