3 0.1703125 0.8234375 0.134375 0.1234375
3 0.42265625 0.92421875 0.140625 0.1515625
3 0.58671875 0.88125 0.15625 0.171875
3 0.603125 0.7203125 0.115625 0.1203125
3 0.75703125 0.70078125 0.134375 0.1828125
3 0.87578125 0.72265625 0.1390625 0.16875
3 0.88203125 0.54375 0.1046875 0.1203125
3 0.6828125 0.55078125 0.140625 0.1484375
3 0.70546875 0.3875 0.175 0.184375
3 0.3984375 0.75234375 0.1296875 0.1203125
3 0.41015625 0.609375 0.14375 0.140625
3 0.41953125 0.45390625 0.11875 0.1234375
3 0.40546875 0.296875 0.128125 0.115625
3 0.26796875 0.38828125 0.1484375 0.1296875
3 0.26328125 0.56328125 0.16875 0.1453125
3 0.234375 0.703125 0.1375 0.1078125
3 0.10078125 0.56484375 0.1375 0.11875
3 0.09921875 0.41953125 0.1375 0.1328125
3 0.1046875 0.26484375 0.109375 0.1125
3 0.14453125 0.134375 0.128125 0.109375
3 0.29765625 0.2515625 0.1375 0.1375